70.47602
154.6853
127.1157
134.7054
82.67964
129.1567
200.5433
85.38394
160.6425
89.88005
87.98103
103.9025
34.60742
109.834
267.9011
272.2948
148.4132
152.8388
200.5433
268.2663
130.9822
131.2246
200.5433
156.5035
144.9444
118.8844
121.4303
114.4757
112.6489
162.9465
131.1943
123.0897
106.9218
176.9897
81.28325
49.55534
138.2991
127.1157
99.68946
123.0897
111.7208
94.07271
104.9215
160.6425
141.7752
73.11831
157.7005
81.28325
107.2561
99.68946
61.18753
256.4006
114.4757
118.8844
104.9215
73.77574
141.7752
104.9215
99.68946
54.59815
32.36641
109.834
118.8844
66.96164
145.8052
148.4132
86.69515
133.9715
125.5255
114.4757
87.98103
85.38394
148.4132
81.28325
104.9215
99.68946
176.9897
136.8764
186.8767
101.8244
108.8745
155.9005
90.48191
118.8844
272.2948
114.4757
141.7752
127.1157
94.07271
127.1157
118.5568
114.4757
150.0133
90.48191
150.9628
90.48191
113.5671
160.6436
81.28325
143.8086
118.8844
272.2948
69.01088
133.2324
148.4132
105.9278
127.1157
148.4132
104.9215
78.39247
112.6489
79.8549
118.8844
114.4757
184.4695
128.6805
127.1157
109.834
130.9822
176.9897
104.9215
109.834
154.6853
32.36641
104.9215
97.49329
133.9715
104.9215
90.48191
123.0897
99.68946
81.28325
154.6853
107.9039
102.4536
94.07271
87.98103
109.834
109.3556
104.9215
118.8844
87.98103
109.834
141.7752
134.7054
81.28325
281.746
96.37065
95.23071
145.1436
84.04596
95.23071
99.68946
147.1167
109.834
127.1157
141.7752
118.8844
118.8844
123.9086
109.834
118.0198
141.7752
95.23071
147.1167
100.7643
120.5894
174.4029
154.6853
118.8844
109.834
94.07271
79.8549
87.98103
176.9897
73.77574
125.1238
277.7995
107.9039
60.73978
92.03632
66.96164
170.6951
120.5894
36.6737
129.0678
134.7054
120.9267
94.07271
133.2324
99.68946
166.3249
139.7031
148.4132
65.11085
151.5915
123.0897
118.8844
55.5361
193.4526
164.647
114.4757
118.0198
114.4757
138.2991
94.07271
196.1253
63.18886
99.68946
160.6425
91.69923
136.1577
176.9897
136.1577
109.834
163.5159
118.8844
94.07271
125.5255
128.6805
166.3249
99.68946
143.1349
109.834
132.4878
272.2948
200.5433
127.1157
114.4757
142.6345
94.07271
109.834
157.1035
138.2991
87.98103
86.69515
56.90554
99.68946
127.1157
127.1157
148.4132
109.834
102.8702
66.04469
126.9579
81.28325
128.6805
200.5433
88.83157
132.4878
134.2657
109.5473
144.2047
99.68946
144.4794
97.49329
117.1468
118.8844
87.98103
139.0034
99.68946
148.4132
180.78
185.2833
128.6805
147.1167
148.4132
126.3239
54.59815
134.7054
130.9822
154.6853
145.1436
94.07271
134.7054
118.8844
134.7054
139.0034
141.7752
114.4757
76.8936
76.8936
148.4132
268.2663
104.9215
123.0897
175.4435
99.68946
109.834
138.2991
104.9215
99.68946
115.375
144.4781
123.0897
268.2663
70.47602
80.5732
65.11085
46.76327
99.68946
114.4757
87.98103
118.8844
161.915
108.8745
107.9039
99.68946
87.98103
127.1157
272.2948
143.1349
128.6805
160.6425
163.5159
123.0897
87.98103
118.8844
145.1436
189.2442
123.0897
160.6425
104.9215
99.68946
104.9215
84.04596
176.9897
101.8244
142.4572
87.98103
78.39247
38.22358
95.23071
127.1157
87.98103
136.8764
178.7007
90.48191
148.4132
118.0198
114.4757
148.4132
99.68946
118.8844
160.6425
134.7054
109.834
191.5737
148.4132
123.0897
85.38394
114.4757
84.31577
104.9215
109.834
145.1436
154.6853
118.8844
132.4878
127.1157
138.2991
113.5671
134.7054
276.7784
148.4132
109.834
148.4132
73.77574
128.6805
98.59934
160.6355
109.834
104.9215
145.8052
73.77574
127.1157
138.2991
128.6805
87.98103
145.8052
149.0559
118.8844
160.6425
101.8244
130.9822
105.9278
171.7651
101.8244
104.9215
75.35568
141.7752
186.8767
72.15046
127.1157
84.04596
43.73511
105.9278
73.77574
170.1568
138.2991
87.98103
78.39247
123.0897
90.48191
139.3538
94.07271
118.8844
114.4757
148.4132
276.7784
141.7752
81.28325
76.8936
94.07271
154.6853
136.1577
127.1157
164.647
73.77574
141.7752
166.3249
100.0867
148.4132
160.6425
160.6425
99.68946
114.4757
90.48191
104.9215
154.6853
130.9822
152.2168
85.38394
101.8244
138.611
128.6805
141.7752
123.0897
94.65402
123.0897
127.1157
129.4536
160.6425
130.9822
105.9278
172.2173
127.1157
134.7054
84.71839
167.7066
134.7054
134.7054
130.9822
148.4132
82.67964
94.07271
153.4575
46.76327
94.07271
99.68946
128.6805
110.7827
163.5159
70.47602
127.1157
94.07271
176.9897
81.28325
113.5671
105.6914
127.1157
102.8702
137.5901
138.2991
109.834
140.3982
148.4132
133.2324
109.834
189.2442
79.8549
118.8844
81.28325
154.6853
277.7995
114.4757
138.2991
256.4006
130.9822
91.69923
147.1167
104.9215
123.0897
176.9897
82.67964
268.2663
160.6425
125.5255
148.4132
130.6022
200.5433
62.23868
137.5901
155.9005
123.0897
138.2991
182.0206
116.2653
148.4132
70.47602
126.3239
112.6489
118.8844
54.02997
127.9012
87.98103
134.7054
150.6952
175.933
81.28325
104.9215
99.68946
75.35568
111.7208
36.6737
98.59934
82.67964
169.8003
118.8844
61.18753
133.2324
154.6853
106.9218
108.8745
76.28328
54.59815
166.3249
117.1468
143.3253
159.4742
176.9897
141.7752
118.8844
84.04596
267.9011
160.6425
125.1238
142.4572
128.6805
276.7784
94.07271
73.77574
169.0735
124.7204
99.68946
114.4757
99.68946
94.07271
118.8844
104.9215
277.7995
114.4757
109.834
117.1468
114.4757
117.1468
143.1349
99.68946
94.07271
127.1157
166.3249
130.9822
114.0226
116.2653
123.0897
145.1436
127.1157
268.2663
109.834
114.4757
134.7054
107.9039
71.15196
125.5255
130.9822
176.9897
118.8844
114.4757
85.38394
127.1157
115.2855
136.1577
131.7378
196.1253
109.834
132.3525
82.67964
148.4132
134.7054
40.40567
104.9215
107.9039
109.834
141.7752
109.834
152.5282
130.9822
89.24288
137.5901
178.5331
98.59934
115.375
123.0897
87.98103
176.9897
118.8844
90.48191
99.68946
141.7752
160.6425
115.375
176.9897
148.4132
114.4757
99.68946
109.834
277.6014
141.7752
76.8936
127.1157
82.67964
108.8745
54.59815
166.3249
118.8844
171.7651
87.98103
91.69923
127.1157
112.6489
49.55534
148.4132
109.834
105.9278
116.2653
79.8549
127.1157
176.9897
163.5159
176.9897
130.9837
182.0206
104.9215
144.2108
70.47602
148.4132
161.2225
127.1157
160.6425
104.9215
123.0897
136.8764
114.4757
114.4757
97.49329
49.55534
144.4781
81.63527
130.9822
87.98103
127.1157
50.354
104.9215
118.8844
63.18886
118.8844
76.40585
103.9025
112.6489
118.0198
65.11085
94.07271
130.9822
148.4132
133.3806
