75.04315
128.6805
81.28325
89.49248
134.7054
50.40666
94.07271
84.04596
65.11085
116.2653
70.47602
111.7208
81.28325
116.2653
81.28325
99.68946
111.7208
77.7376
158.2946
99.68946
70.47602
94.07271
81.28325
81.28325
113.5671
85.38394
76.8936
90.48191
99.68946
81.28325
99.68946
111.7208
75.89548
112.1369
85.38394
94.07271
101.8244
91.69923
139.2138
66.96164
114.4757
104.5917
55.76739
87.98103
88.92961
81.28325
94.07271
106.9218
59.09706
65.11085
129.4536
134.7054
75.04315
104.9215
123.9086
78.15516
73.77574
84.39111
141.0889
129.4536
103.9025
118.8844
101.8244
99.68946
95.23071
114.4757
127.1157
75.04315
104.9215
78.98167
73.77574
94.07271
73.77574
127.1157
95.68881
109.834
81.28325
81.28325
81.28325
55.76739
75.35568
43.73511
81.28325
68.57217
97.49329
65.11085
73.77574
109.834
91.69923
109.834
93.55727
109.834
52.15617
117.1468
148.4132
105.7676
118.8844
65.11085
72.15046
65.11085
87.98103
68.39565
73.77574
81.22675
92.65813
76.8936
118.8844
79.8549
92.89584
72.15046
70.47602
127.1157
84.04596
110.7827
79.8549
97.49329
171.7651
73.77574
87.98103
109.834
118.8844
81.28325
90.48191
85.38394
127.1157
127.1157
87.98103
94.07271
127.2733
160.6425
79.8549
115.375
93.48669
84.04596
127.1157
95.23071
102.8702
68.11199
128.6805
103.9025
91.69923
94.07271
81.28325
130.9822
145.1436
87.98103
109.834
47.90557
59.09706
87.98103
87.98103
110.7827
119.7426
82.67964
267.9011
157.7005
139.2138
104.9215
99.68946
104.9215
97.49329
75.19963
65.11085
127.1157
65.11085
99.68946
130.9822
79.8549
87.98103
54.59815
99.68946
92.16112
72.15046
139.7031
73.77574
66.22941
87.98103
90.48191
106.9218
56.90554
81.28325
107.9039
91.69923
81.28325
87.98103
66.22941
94.07271
109.834
27.14058
81.28325
80.43021
148.4132
81.28325
91.69923
76.8936
90.48191
148.4132
134.7054
87.98103
102.8702
76.8936
69.92913
106.9218
43.73511
144.4781
111.0652
118.8844
114.4775
111.7208
134.7054
75.35568
118.8844
65.11085
99.68946
94.07271
94.07271
75.35568
96.8667
148.155
49.55534
85.38394
101.8244
59.09706
76.8936
70.90959
97.49329
99.68946
73.77574
76.8936
94.07271
117.1468
65.11085
97.49329
118.8844
118.8844
154.6853
95.23071
118.8844
87.98103
92.89584
148.4132
127.1157
105.9278
98.26923
94.07271
78.39247
116.2653
87.98103
63.09272
79.8549
104.005
102.8702
95.23071
130.9822
71.31964
54.59815
52.40706
51.23965
101.8244
134.7054
134.7054
118.8861
94.07271
99.68946
118.8844
81.28325
99.68946
68.50869
81.28325
114.4757
118.0198
99.68946
118.8844
92.30006
55.06973
101.8244
115.375
129.4536
79.8549
72.47932
128.6805
104.9215
92.89584
102.8702
65.11085
109.834
81.28325
112.6489
76.8936
75.04315
59.09706
63.77339
84.04596
93.93718
81.28325
66.96164
35.03342
111.0144
143.6997
99.68946
85.38659
61.05242
118.8844
112.6489
106.9218
54.59815
101.8244
111.7208
109.834
114.4757
94.07271
95.23071
94.07271
89.49248
54.59815
68.74809
92.89584
109.834
94.07271
101.8244
133.2324
71.68674
85.38394
72.15046
101.8244
75.85224
166.3249
92.89584
99.68946
92.89584
76.8936
99.68946
64.15923
87.98103
123.0897
115.375
61.18753
95.68881
89.24288
127.9012
114.4757
76.1297
99.68946
123.0897
143.1349
78.98167
54.59815
134.7054
104.9215
78.21458
118.8844
109.834
59.09706
116.2653
61.18753
122.2637
54.59815
87.98103
123.0897
131.7378
73.77574
104.9215
91.60262
70.66105
84.85204
102.8702
99.25529
133.2324
78.39247
96.37065
109.834
94.07271
87.98103
97.49329
107.9039
95.68881
87.38745
94.6957
122.2637
89.24288
70.47602
87.98103
94.07271
81.28325
115.375
81.28325
84.04596
88.81647
75.35568
98.59934
109.643
79.8549
85.38394
99.69163
139.7031
76.8936
148.4132
65.11085
107.9039
91.69923
114.4757
80.5732
94.07271
127.1157
113.5671
101.5955
87.98103
318.3424
82.67964
97.49329
87.85355
109.834
85.38394
55.99743
141.7752
75.04315
89.49248
104.9215
81.28325
79.8549
79.8549
109.834
104.9215
96.37065
96.93409
99.68946
311.9346
133.2324
120.9267
130.9822
87.98103
108.6813
118.8844
73.77574
54.59815
66.22941
76.8936
81.28325
94.07271
99.68946
81.28325
65.11085
66.22941
94.07271
127.1157
94.07271
136.1577
94.07271
87.98103
97.49329
109.834
66.96164
118.8844
87.98103
98.59934
99.68946
110.7827
73.77574
118.8844
141.7752
134.7054
76.8936
101.4021
123.0897
118.8844
128.6805
92.89584
43.73511
32.36641
148.4132
118.8844
99.68946
94.07271
118.8844
111.7208
59.62865
99.68946
86.69515
148.4132
73.77574
73.77574
72.56123
73.77735
50.41192
75.04315
116.4423
111.7208
49.55534
84.04596
134.7054
94.07271
111.7218
107.9039
138.6392
53.63872
67.14308
47.33891
62.91365
92.79135
99.69163
118.8844
90.48191
70.47602
70.47602
92.72953
114.4757
65.11085
148.4132
99.68946
104.9215
82.67964
76.8936
85.38394
73.77574
106.608
95.23071
75.04315
95.23071
123.0897
90.48191
87.98103
85.38394
101.8244
73.45443
87.98103
102.8702
109.834
125.5255
108.8745
65.11085
101.8244
84.04596
59.73422
66.22941
92.89584
99.68946
62.19868
70.47602
86.0428
99.68946
61.18753
113.6127
104.9235
109.834
81.28325
133.2324
134.7054
91.69923
133.2324
73.77574
97.49329
82.67964
111.4405
75.35568
118.8844
109.834
66.2331
73.29308
86.91033
109.834
118.8844
104.9215
96.3978
99.68946
148.4132
97.49329
118.0198
99.68946
79.8549
176.9897
134.7054
109.834
67.82679
73.77574
91.69923
66.96164
98.59934
109.834
81.28325
84.52947
119.4052
76.8936
267.9011
49.55534
81.28325
87.98103
78.39247
132.8608
61.59458
66.22941
108.8745
143.1349
109.834
59.09706
99.68946
49.55534
109.834
75.04315
91.69923
101.8244
104.9215
118.8844
94.07271
141.7752
73.77574
64.54207
89.49248
102.7663
148.4132
114.4757
79.8549
78.98461
89.49248
73.77574
84.04596
99.68946
128.1996
91.69923
78.39247
109.834
109.834
75.35568
75.35568
118.7121
117.1468
76.8936
109.834
105.9278
70.81504
67.17929
79.8549
57.97094
99.68946
87.98103
128.6805
120.5894
81.28325
110.1729
70.47602
85.38394
73.77574
73.77574
87.98103
95.23071
104.9215
94.5961
29.37698
99.68946
95.23071
70.47602
97.47101
94.07271
94.07271
94.07271
124.7204
89.24288
129.4536
130.9822
73.77574
82.67964
95.23071
102.8702
87.98103
87.98103
75.04315
34.60742
127.1157
82.67964
86.69515
114.9265
101.8244
51.75144
127.9012
89.49248
176.9897
97.49329
76.8936
94.07271
75.35568
95.23071
64.35102
59.09706
104.9215
60.15412
94.07271
87.98103
111.1855
113.5671
109.834
109.834
138.2991
105.9278
121.4303
104.9215
81.28325
107.9039
127.1157
111.7208
81.28325
109.834
63.18886
99.68946
82.67964
78.39247
70.81504
87.98103
96.14407
63.18886
73.77574
81.28325
89.49248
102.8702
73.77574
101.8244
117.1468
95.23071
81.28325
81.28325
94.07271
94.07271
81.28325
76.43645
110.7827
85.38394
72.15046
31.411
92.89584
73.77574
57.46365
91.69923
141.7752
99.68946
82.67964
124.7204
100.7643
82.67964
118.8844
114.4757
82.67964
111.7208
148.4132
104.9215
102.8702
124.7204
66.96164
91.70164
78.34656
111.7208
81.98532
137.5901
40.40567
154.6853
85.38394
66.22941
111.7208
128.6805
87.98103
94.07271
87.98103
72.15046
72.15046
82.67964
95.23071
101.8244
123.0897
114.4757
94.07271
113.5671
182.0206
102.8702
76.8936
109.834
61.18753
81.28608
144.4781
128.6805
128.6805
140.3982
111.7208
72.15046
130.9822
78.21458
90.48191
99.68946
166.3249
84.04596
87.98103
109.834
27.14058
127.1157
34.60742
134.7054
75.35568
89.49248
84.04596
169.0735
144.1706
70.47602
94.07271
86.69515
70.47602
136.304
106.1276
87.98103
48.18565
118.8844
97.49329
51.9037
81.28325
117.1468
125.5255
99.68946
131.7378
81.28325
65.11462
85.38394
65.11085
65.11085
118.8844
68.74809
87.98103
75.04315
80.5732
43.73511
79.8549
76.8936
90.48191
86.69515
66.96164
120.5894
101.8244
49.55534
104.9215
73.77574
129.4536
79.8549
134.7054
114.4757
109.834
81.22675
87.98103
72.15046
148.4132
81.28325
43.73511
96.37065
101.8244
82.67964
99.68946
85.38394
65.11085
92.65813
134.8515
73.77574
36.6737
82.67964
131.7378
86.69515
23.95294
114.4757
23.2747
90.48191
73.77574
56.90554
75.04315
108.0658
70.47602
73.77574
87.98103
99.68946
130.9822
82.6824
79.8549
160.6425
68.11199
94.07271
99.68946
79.8549
76.8936
54.59815
65.11085
73.77574
104.9215
108.8745
109.834
105.9278
59.09706
68.74809
103.9025
82.67964
104.9215
109.834
104.9215
107.9039
61.18753
85.38394
89.49248
92.89584
63.18886
111.7208
87.98103
78.39247
127.1157
109.834
70.81504
134.7054
66.96164
61.18753
65.11085
97.49329
136.8764
81.28325
73.77574
118.8844
113.5671
87.98103
59.03285
107.3161
104.9215
112.6489
56.90554
87.98103
107.9039
48.18565
81.28325
98.59934
84.04596
70.81504
73.77574
77.49768
141.7752
71.68674
87.98103
107.9039
73.77574
119.0133
102.127
136.8764
65.11085
138.2991
79.8549
295.9912
109.834
99.68946
95.68881
114.4757
104.9215
79.8549
105.9278
88.99238
98.59934
87.98103
108.8745
89.49248
56.90554
65.11085
89.49248
85.38394
160.4097
87.98103
158.1737
118.8844
101.4021
85.38394
87.98103
99.68946
93.87868
132.4878
102.8702
99.68946
90.48191
